-0.03561588
-0.04100251
0.65548956
0.07767154
-0.27457604
0.40572901
0.23336922
-0.52111639
-0.24600805
-0.43358657
0.57827698
-0.29763489
0.34977949
0.35622545
-0.16709015
-0.49230078
0.35876404
0.24595941
-0.08556081
0.06771265
0.60605398
-0.15007375
-0.36016531
-0.61267510
-0.45057731
0.60525145
-0.15588464
0.07428628
0.68093222
0.11423278
0.04228409
0.27862104
0.36079656
-0.52559922
0.08823272
-0.27874459
-0.10678315
-0.18452732
0.13642356
0.29033647
-0.14229932
0.24324253
-0.06719242
-0.45782167
-0.39989316
0.35477928
-0.02004155
0.28322508
0.02170905
-0.11211439
-0.20266450
0.36052957
0.49194577
-0.35559036
-0.18062033
-0.11749100
-0.56760748
-0.49044540
0.21901145
0.19175639
0.52399845
0.00036346
0.32685959
-0.10651165
-0.38573858
-0.15905691
-0.00026839
0.14988471
0.44911681
-0.08902409
0.08627299
-0.35233311
-0.02494630
-0.10515616
-0.29775742
-0.32792944
0.06372930
0.05051016
-0.38357599
-0.35033713
0.01862464
0.21437356
0.17514020
-0.22107951
-0.42634859
0.07238337
0.48823241
-0.31759617
-0.24653050
0.20012857
0.07197549
0.01396529
0.43122944
-0.28867296
-0.15756975
0.55909199
0.26833229
0.40182512
0.85670165
-0.06360571
-0.77084973
-0.63500119
-0.19322344
0.40650558
-0.97221945
0.73367234
0.09420346
-0.05809027
0.65592584
0.64523958
0.53168033
0.87683803
-0.61780672
0.25870554
-0.74552453
-0.16664726
0.06866729
0.20185711
0.63410189
-0.41781445
0.05481011
0.01777643
-0.18639737
-0.06919459
0.33384100
-0.30726350
0.08397465
-0.21424898
-0.09219637
-0.36147978
-0.73591412
0.64133492
-0.16580161
-0.10631816
0.57961795
0.56757803
0.21541417
0.65963693
-0.31280803
-0.59809603
-1.01096861
-0.26734191
0.66414982
0.47751217
-0.95573522
0.11366425
-0.02931918
-0.57247713
0.18116091
0.40135697
-0.09104663
-0.25545220
0.34755746
-0.26184649
0.17087129
0.27917151
0.03936460
-0.12006956
-0.22500414
0.02262895
0.38138755
-0.54464265
-0.17822292
-0.29709785
0.58895490
-0.23238389
0.01253363
-0.48292924
-0.34066273
0.30389996
-0.80404477
-0.12494270
-0.17843775
-0.34173329
-0.06272936
-0.39341018
0.12606005
-0.48341968
-0.56811951
-0.79478125
0.36416556
0.41810368
0.35642443
-0.51118462
0.12647551
-0.34058814
0.42595719
-0.12974286
-0.19209398
-0.34193410
-0.38802756
-0.30955950
0.37567314
-0.47989217
-0.25826529
0.22308194
0.17798254
0.27926721
-0.46830832
-0.04287730
-0.33980161
0.49326145
-0.36130422
-0.04674653
-0.23766644
0.45641418
-0.35515896
0.10183494
-0.71492489
0.93102111
-0.09234111
0.19137423
0.10137638
0.34147819
0.58062993
0.40030583
0.35097766
-0.10859976
0.41611993
0.45459445
-0.12657141
0.04703508
0.11235314
0.49475340
-0.42001759
-0.35504752
-0.36021395
-0.31422013
-0.07000647
-0.20232955
-0.09578122
0.24509816
0.34732067
-0.37358956
0.00130104
-0.14563997
0.72628044
-0.02869174
-0.44383160
0.20903386
-0.31719600
-0.48738167
-0.08859657
0.14497579
0.71166605
-0.04184575
0.14438431
-0.32414423
-0.05122963
-0.34888180
-0.38928842
-0.25703636
-0.41655784
0.29332439
-0.33576666
0.27137344
0.07543976
0.46426262
-0.48524135
0.12434637
-0.29843213
0.25624636
0.20826381
0.31219435
0.34664816
0.32719225
-0.33426504
-0.12468939
-0.61746506
-0.63441978
0.08260719
-0.38933328
0.57282852
-0.14026067
-0.67285223
-0.13931630
-0.11178070
-0.39655265
-0.19834271
-0.18739539
-0.15185085
-0.28736842
-0.31972141
-0.17488203
-0.48403333
-0.44409626
0.09283911
-0.20262134
0.40438484
0.43788760
0.34963135
-0.31592173
0.34371421
0.21249703
0.05723935
0.19635633
0.33988022
0.42872911
0.00461798
0.82676112
-0.43983491
-0.17448285
-0.30158887
-0.33064032
-0.28966967
-0.04429735
-0.17661730
-0.28162798
-0.20427795
0.29037440
0.05508140
-0.30279304
-0.00631721
-0.73894622
-0.13453034
-0.13280362
-0.68186489
0.16868165
-0.14823426
-0.56503066
0.11383356
-0.28315906
-0.64343390
-0.38250168
0.27711151
-0.07646605
0.61531482
0.50770688
0.41117499
-0.18596992
0.26502205
0.19357037
-0.10565996
0.21857420
0.53429721
0.51220651
0.41281886
0.07244931
0.51100740
0.30438887
0.05839412
-0.31344341
0.39879476
0.58392311
0.14711785
0.55119494
-0.42990665
-0.31698964
-1.02806675
-0.24083964
0.70845498
0.41987301
-0.18102331
0.50998253
0.28195870
0.36224126
-0.08951932
-0.24066528
-0.42166460
-0.07154454
0.41244756
0.14136100
-0.37817385
-0.19872032
0.61942468
-0.37294944
0.33164486
-0.48791830
0.10166157
-0.23981209
0.02909788
-0.43651231
0.39093889
-0.17645830
-0.42885699
0.01727604
0.20657647
-0.30635472
-0.19056380
0.46182677
0.54245016
0.12542315
0.01137871
0.06701493
-0.27201067
-0.02856780
-0.08011208
0.20049616
0.04577258
-0.04178881
-0.25030630
0.65505203
-0.34653614
0.30102479
0.55532482
0.18841394
-0.29210022
-0.11398554
0.43996834
-0.02178377
-0.29727262
-0.43069040
-0.40229863
0.22405693
-0.14915434
-0.01433099
0.35744273
0.38981873
0.26010982
-0.24391479
0.12179752
-0.52190827
0.37017461
-0.23801564
-0.34075787
0.49494122
-0.02021810
-0.81516868
0.06549905
-0.15268081
-0.15802591
0.36221673
-0.24554832
0.21346161
0.28764769
0.31457044
0.17145393
-0.23325229
0.19520637
-0.19125780
-0.29222003
-0.24578953
-0.38950965
0.38815626
-0.17573528
0.29664546
0.26329796
0.17968582
-0.15341706
0.39287788
-0.22679282
0.39630439
-0.35341647
-0.06219027
0.24700704
-0.50257804
0.49570812
-0.50233423
-0.46890771
-0.20307151
0.20370589
-0.02429029
0.19027017
-0.07728459
-0.36132311
0.13887106
-0.05558941
0.27927539
-0.55654597
-0.27457837
-0.22212095
0.42130132
-0.42187869
0.00884217
-0.29888908
0.26762211
0.28312579
-0.00222734
0.19092256
-0.25828531
-0.38432317
0.35480837
0.27923022
-0.12340629
0.29153235
-0.04057777
-0.29851813
0.37222679
0.24585681
-0.13092920
0.24368781
0.10619201
-0.62357914
0.26867523
0.23968091
0.14893102
-0.07304189
-0.09612653
-0.36588461
-0.07990815
-0.44388366
0.20147756
0.08124075
0.05322280
0.39975666
0.53104164
-0.48020012
-0.06109324
-0.28982076
0.15683208
0.42318739
0.32144562
-0.25905876
-0.33267016
-0.43391717
0.41954973
0.22389023
0.30841167
0.12717472
0.04341247
0.26043974
0.08342490
-0.00983882
-0.12191636
-0.31964329
-0.14226579
-0.29702059
0.17096211
-0.35940535
-0.25989269
-0.18027560
0.42363843
0.33090127
-0.00949399
0.43136552
0.41266051
0.20804431
0.05577622
-0.37183424
0.07557765
0.16048044
0.46856372
0.44176659
-0.39444329
0.81294966
0.01804627
-0.60212038
0.75454447
0.21294566
0.33239306
0.70935587
-0.59114830
-0.42980066
-0.32296456
0.09816232
-0.02289642
0.52772478
-0.40908126
0.08201803
0.02581063
-0.04543032
-0.43793366
-0.47752381
-0.91806870
-0.03784601
0.07265857
1.00823875
-0.29775209
-0.62842585
0.36564311
0.11725000
-0.42298151
-0.28559795
0.33073749
-0.21732274
0.08328783
0.11148550
-0.38224635
0.10066973
-0.38339333
0.14132451
0.26577421
-0.30625516
0.48502001
-0.15588527
0.37516787
0.24739867
0.45512169
-0.38949287
0.22522469
0.03628333
0.16295657
0.18485208
0.04159838
0.04380871
-0.35540446
-0.31122400
-0.14190026
0.03395545
-0.34797356
0.33738094
0.30916905
0.11655480
0.28635114
-0.03813272
0.06675035
0.43792922
0.01951647
-0.00845072
-0.11081660
0.02379139
-0.38836879
-0.42067055
-0.52081383
0.05992051
-0.03345901
-0.14799664
0.33527192
-0.28492700
0.25989915
-0.38828800
0.25072770
0.30872746
-0.34700198
0.05533068
0.30948918
0.52621900
-0.22435000
0.08998991
-0.47535125
0.27104439
-0.05614746
0.04121263
0.48539915
-0.02592694
-0.47045302
0.37718672
0.24781247
-0.58602046
-0.35116564
0.53894920
0.57564296
-0.11610096
0.34315003
-0.61841872
0.15684390
0.53873250
-0.18297081
0.02728062
-0.48120152
0.28143778
0.12481575
0.32985161
0.38216713
0.25828861
-0.54949600
-0.37957766
-0.41559561
0.43651757
0.24271837
0.69457805
-1.04438602
-0.11157232
-0.06906400
-0.67821631
-0.36388517
0.30247358
0.13045685
-0.17400479
0.17884620
-0.24590142
0.02665429
0.26107669
0.09062430
0.04330071
0.09053301
0.45946806
0.15432167
0.23199574
0.00939155
0.49117200
-0.75899284
0.01415644
-0.15412346
0.33050127
0.02831607
0.16003894
0.39693309
0.06936873
-0.33981903
0.59462810
-0.23739850
0.21647642
0.25912640
-0.36769633
0.34121555
0.04740866
0.42188706
0.68216121
-0.35134697
0.30774101
0.32499817
0.30195278
-0.13591151
0.10530968
-0.26313039
0.45017238
-0.09438122
-0.63868080
-0.42638088
0.06516719
0.56397592
0.44677359
0.39630313
0.42705382
-0.19778356
0.32478184
-0.17037641
-0.36883709
0.27563051
-0.23821019
-0.26693077
-0.18402624
-0.42528983
0.45404505
-0.13050354
-0.30678667
0.06127202
-0.41966983
-0.20447297
-0.31814754
-0.19923298
0.06992616
-0.17728142
-0.18778446
-0.34250528
0.45534515
0.30309474
0.53914274
-0.39080811
0.30410664
0.19744042
-0.68455873
-0.55477637
-0.09300928
-0.54186308
0.61112937
0.42595533
0.42393945
-0.45006947
-0.27353712
-0.04308488
0.97317877
0.15468135
-0.06166643
0.93723525
0.51746167
0.08758044
0.35673161
0.48199449
-0.01325982
0.27704318
0.03812182
-0.27428988
-0.34086691
0.35772923
0.12497405
0.14375318
-0.07566772
0.55176162
0.54676901
0.85373024
-0.22135258
-0.63008822
-0.20296686
0.45609522
0.16232490
0.03390718
0.08600321
0.55610906
-0.32814627
-0.00410579
0.12642602
0.38146674
0.35923411
0.47149466
0.28470803
0.08769929
-0.12835531
-0.06721600
-0.48577616
0.97694312
0.18859805
0.04180672
0.79350862
0.54773500
-0.22767179
0.59457025
-0.34573701
-0.22110029
-0.06058662
-0.09590443
0.38632975
-0.01659111
-0.28057866
-0.12901149
-0.45514361
-0.63333124
0.05835474
-0.06140380
-0.81263509
0.44079946
0.33510283
0.78428163
0.39495022
-0.13069626
-0.11223211
-0.37199629
-0.06786412
0.23154866
-0.02561367
-0.02905780
-0.49958107
-0.58526258
0.71532981
0.37796885
0.14902256
-0.19641990
-0.32490974
0.18087730
-0.00335964
-0.08298224
0.57394658
0.29235344
0.20690209
0.39127390
0.47462537
-0.56142532
-0.02650670
-0.73922344
-0.02249749
0.31556361
0.36554679
-0.17855446
0.33777337
0.31874241
-0.11635012
-0.26363618
0.33180712
-0.15672921
-0.13118549
-0.40131290
0.39556523
-0.25317147
-0.20149999
0.69628026
-0.72410524
-0.00786969
-0.26098317
-0.11466407
-0.49742802
0.22159513
0.20220271
0.03659059
0.08278690
0.01340249
0.20626469
-0.04393873
0.62156591
-0.37891903
0.23423486
-0.21156112
-0.53810816
0.28096965
0.32661226
-0.15961454
0.60044665
0.45955040
0.35346284
-0.45399689
-0.57875731
0.23914894
-0.78739457
0.23284999
-0.21771227
-0.68668883
-0.10119049
-0.47748241
0.24692087
-0.23369956
-0.54474424
-0.45078311
-0.42776023
-0.54115973
0.24413465
-0.14626883
0.12164033
0.25660302
0.28032218
-0.29182779
-0.03421370
-0.62224758
0.38405864
-0.36267581
0.61544173
-0.15065759
-0.61565606
0.84841787
-0.63192363
-0.22987905
-0.25654403
-0.82301152
0.18468189
-0.29770256
-0.67049997
-0.01734588
-0.30505053
-0.33111568
-0.35350329
-0.49576467
-0.49506563
0.81824400
0.06013100
0.38873313
-0.12868804
-0.32060552
0.44837568
0.25709526
-0.02836980
0.00472658
0.35531228
-0.08321500
0.20137533
-0.22494051
-0.07524051
0.03036833
-0.49708778
-0.14729033
0.08176826
0.38263199
0.34918552
-0.19503670
0.13383650
0.39644008
0.00425646
0.09721046
0.30448887
-0.74054367
-0.04762939
-0.22675239
-0.06826323
-0.50753290
-0.49723396
0.16748422
-0.15683832
0.06899389
-0.37901725
0.28684860
-0.21928061
0.13214516
-0.07687806
0.71880822
-0.29836895
-0.53509311
0.18251692
-0.29334118
-0.88543379
0.21791955
-0.09788728
0.39719119
0.45778261
0.14800213
0.02298911
-0.29136270
-0.32156730
-0.13747921
-0.06482588
-0.27272040
0.11628524
0.24945970
0.32375910
-0.06618688
0.15717464
0.01442297
0.00407508
0.45469832
-0.10439712
-0.47577038
0.38791314
0.32158765
-0.19930642
0.35572680
0.33908768
-0.63835706
0.03237920
-0.38768845
0.41775715
-0.18621536
-0.30952814
0.18320694
0.48689218
0.13020010
0.18428734
0.04669020
-0.19350139
0.09534664
0.14096407
-0.36866073
0.38835279
0.29999035
-0.11408705
0.19319253
-0.84095815
-0.29469884
-0.40168964
-0.49359290
0.12761173
-0.33406700
0.25755708
-0.51638306
-0.60613916
-0.54566293
-0.40285996
0.00464548
-0.50166668
0.26773959
-0.35384937
0.20339605
0.71502030
0.68845285
-0.14107843
0.67860544
-0.43549633
-0.73661437
-0.84364268
-0.18320830
0.52766683
-0.01932533
-0.03458146
-0.08126042
-0.30359526
0.22925599
-0.25130574
0.32124589
-0.09370584
0.42277775
0.50886179
-0.33979819
-0.45433743
-0.17596850
-0.22280370
0.59213769
-1.32608780
0.54253406
-0.05301256
0.61147127
-0.68964761
-0.26228664
-2.09489237
-2.30011126
0.50139414
-2.49782752
-1.32059016
0.52988957
-1.77548574
-0.74442649
0.54161826
1.54445247
0.14330809
0.88464898
0.67814867
-0.90447297
-1.14794204
-0.21370245
0.59816766
-1.38394857
0.75291256
-1.98755116
0.47585457
-1.20516495
0.28093465
0.63489747
-0.69183833
-1.02547630
-0.53664535
-0.43321230
-0.15196884
-0.24649215
-0.74355989
0.06446005
-0.48386470
-0.76171367
-1.90712294
1.68062367
-1.02032508
0.72653947
0.13192888
0.14258522
0.29846652
-1.13096188
-1.54716563
-1.73734548
-1.15847885
-0.95827906
-1.18392163
-0.98697333
-0.63382138
1.56109185
1.52480684
-1.59807724
0.15454664
1.63052548
1.40370938
1.08347818
-1.44184868
0.16126140
-1.42689079
1.11752825
-1.35557068
0.93599360
1.16174962
0.94380324
0.10228285
-1.07455778
1.19515224
-0.00465604
-1.21038300
-0.03074291
-1.86816282
-2.40253187
0.41480846
